{
 "cells": [
  {
   "cell_type": "markdown",
   "id": "0f0b58dd-f789-429f-9f35-9c42480c76d1",
   "metadata": {},
   "source": [
    "# Note:\n",
    "-(make sure both data1 and data2 have the same number of numerical and categorical columns)\n",
    "- Run all the cells for data1\n",
    "- Then, run all the cells for data2\n",
    "- Then after you have the correlation matrices for both (data1 and data2) --> run the difference between matrices test\n",
    "- This is the only way this file will work. If you dont follow the steps you will get a result of ZERO"
   ]
  },
  {
   "cell_type": "code",
   "execution_count": 1,
   "id": "4061dbbd-b593-4839-9ca5-aa8ada5bdcda",
   "metadata": {},
   "outputs": [],
   "source": [
    "import numpy as np\n",
    "import pandas as pd\n",
    "from numpy import linalg\n",
    "from sklearn.model_selection import train_test_split"
   ]
  },
  {
   "cell_type": "markdown",
   "id": "657bfdd5-302c-42ef-9f05-e4ccbefd8ead",
   "metadata": {},
   "source": [
    "# Upload Dataset"
   ]
  },
  {
   "cell_type": "code",
   "execution_count": 3,
   "id": "198910fa-c38e-49d7-b3e5-ec9e71e9ecf3",
   "metadata": {},
   "outputs": [],
   "source": [
    "# Dataset before augmentation\n",
    "#data1 = pd.read_csv(\"/Users/fabianafazio/Documents/GitHub/BP24/Ellee/Data/Stacked/stacked_orig.csv\", header=None)\n",
    "data1 = pd.read_csv(\"/Users/fabianafazio/Documents/GitHub/BP24/Ellee/Data/Uniform/uniform_orig.csv\", header=None)\n",
    "#data1 = pd.read_csv(\"/Users/fabianafazio/Documents/GitHub/BP24/Ellee/Data/Gaussian/gaussian_orig.csv\", header=None)\n",
    "\n",
    "\n",
    "# Dataset after augmentation\n",
    "data2 = pd.read_csv(\"/Users/fabianafazio/Documents/GitHub/BP24/Ellee/Data/Stacked/stacked_new.csv\", header=None)\n",
    "#data2 = pd.read_csv(\"/Users/fabianafazio/Documents/GitHub/BP24/Ellee/Data/Uniform/uniform_new.csv\", header=None)\n",
    "#data2 = pd.read_csv(\"/Users/fabianafazio/Documents/GitHub/BP24/Ellee/Data/Gaussian/gaussian_orig.csv\", header=None)\n",
    "#data2 = pd.read_csv(\"/Users/fabianafazio/Documents/GitHub/BP24/Ellee/Data/Gaussian/gaussian_new.csv\", header=None)\n"
   ]
  },
  {
   "cell_type": "markdown",
   "id": "66147c8f-3866-4f2a-81ea-798ca6d35109",
   "metadata": {},
   "source": [
    "# Check Shapes of Datasets (they must be the same)"
   ]
  },
  {
   "cell_type": "code",
   "execution_count": 7,
   "id": "4bc4a540-4ab8-46fb-9d49-0629d8580b26",
   "metadata": {},
   "outputs": [
    {
     "name": "stdout",
     "output_type": "stream",
     "text": [
      "Shape of data1: (343, 25)\n",
      "Shape of data2: (240, 25)\n"
     ]
    }
   ],
   "source": [
    "# Print shapes for debugging\n",
    "print(f\"Shape of data1: {data1.shape}\")\n",
    "print(f\"Shape of data2: {data2.shape}\")\n"
   ]
  },
  {
   "cell_type": "markdown",
   "id": "5f91f83e-168c-4b2f-9119-c0858d5e0007",
   "metadata": {},
   "source": [
    "# Convert columns into Categorical (Only for Uniform Distribution)"
   ]
  },
  {
   "cell_type": "code",
   "execution_count": 9,
   "id": "19945cd3-4527-4754-96d4-0e0f5576c01f",
   "metadata": {},
   "outputs": [
    {
     "name": "stdout",
     "output_type": "stream",
     "text": [
      "0      float64\n",
      "1      float64\n",
      "2     category\n",
      "3      float64\n",
      "4      float64\n",
      "5      float64\n",
      "6      float64\n",
      "7     category\n",
      "8      float64\n",
      "9      float64\n",
      "10    category\n",
      "11     float64\n",
      "12     float64\n",
      "13     float64\n",
      "14     float64\n",
      "15    category\n",
      "16     float64\n",
      "17     float64\n",
      "18     float64\n",
      "19     float64\n",
      "20     float64\n",
      "21     float64\n",
      "22     float64\n",
      "23     float64\n",
      "24    category\n",
      "dtype: object\n"
     ]
    }
   ],
   "source": [
    "# categorical columns have index: 2, 7, 10, 15, 24\n",
    "\n",
    "\n",
    "# List of column indices that should be converted to categorical\n",
    "categorical_columns = [2, 7, 10, 15, 24]\n",
    "\n",
    "for i in categorical_columns:\n",
    "    data1.iloc[:, i] = data1.iloc[:, i].astype('category') # Convert to categorical type\n",
    "\n",
    "# Display the data types of the columns to verify the changes\n",
    "print(data1.dtypes)\n"
   ]
  },
  {
   "cell_type": "code",
   "execution_count": null,
   "id": "2e56a28d-5d28-4f27-bab4-c783ae3a7443",
   "metadata": {},
   "outputs": [],
   "source": [
    "# categorical columns have index: 2, 7, 10, 15, 24\n",
    "\n",
    "\n",
    "# List of column indices that should be converted to categorical\n",
    "categorical_columns = [2, 7, 10, 15, 24]\n",
    "\n",
    "for i in categorical_columns:\n",
    "    data2.iloc[:, i] = data2.iloc[:, i].astype('category') # Convert to categorical type\n",
    "\n",
    "# Display the data types of the columns to verify the changes\n",
    "print(data2.dtypes)\n"
   ]
  },
  {
   "cell_type": "markdown",
   "id": "d7350930-cd6b-4d14-aa11-c75a3f09b038",
   "metadata": {},
   "source": [
    "# Run this to make columns the same shape as Gaussian Distribution"
   ]
  },
  {
   "cell_type": "code",
   "execution_count": null,
   "id": "5c925428-8640-402a-9a26-5dbb0dff2e6b",
   "metadata": {},
   "outputs": [],
   "source": [
    "# subset 13 columns to keep the indexes above and match gaussian\n",
    "# Indices of the columns to keep\n",
    "primary_indices = [2, 7, 10, 15, 24]\n",
    "\n",
    "# Calculate the additional columns needed\n",
    "additional_indices = [i for i in range(data2.shape[1]) if i not in primary_indices][:8]\n",
    "\n",
    "# Combine primary and additional indices\n",
    "final_indices = primary_indices + additional_indices\n",
    "\n",
    "# Subset the DataFrame\n",
    "data2 = data2.iloc[:, final_indices]\n",
    "\n",
    "# Display the new DataFrame\n",
    "print(data2)\n"
   ]
  },
  {
   "cell_type": "markdown",
   "id": "989fbade-0f5e-4752-8110-2d6f812ae665",
   "metadata": {},
   "source": [
    "# Convert columns into Categorical (Only for Gaussian Distribution)"
   ]
  },
  {
   "cell_type": "code",
   "execution_count": null,
   "id": "909eed81-a5e6-40fe-a414-53bc5b383f33",
   "metadata": {},
   "outputs": [],
   "source": [
    "# categorical columns have index: 2, 3, 7, 9, 12\n",
    "\n",
    "# List of column indices that should be converted to categorical\n",
    "categorical_columns = [2, 3, 7, 9, 12]\n",
    "\n",
    "for i in categorical_columns:\n",
    "    data1.iloc[:, i] = data1.iloc[:, i].astype('category') # Convert to categorical type\n",
    "\n",
    "# Display the data types of the columns to verify the changes\n",
    "print(data1.dtypes)\n"
   ]
  },
  {
   "cell_type": "code",
   "execution_count": null,
   "id": "455f7f3e-93e6-47df-ad24-693603d44f50",
   "metadata": {},
   "outputs": [],
   "source": [
    "# categorical columns have index: 2, 3, 7, 9, 12\n",
    "\n",
    "# List of column indices that should be converted to categorical\n",
    "categorical_columns = [2, 3, 7, 9, 12]\n",
    "\n",
    "for i in categorical_columns:\n",
    "    data2.iloc[:, i] = data2.iloc[:, i].astype('category') # Convert to categorical type\n",
    "\n",
    "# Display the data types of the columns to verify the changes\n",
    "print(data2.dtypes)\n"
   ]
  },
  {
   "cell_type": "markdown",
   "id": "6d74374e-7a53-4873-b426-f3c7f61e3b64",
   "metadata": {},
   "source": [
    "# Convert columns into Categorical (Only for Stacked Distribution)"
   ]
  },
  {
   "cell_type": "code",
   "execution_count": null,
   "id": "dc60003d-08b5-4bad-929d-cfa7ea255ef1",
   "metadata": {},
   "outputs": [],
   "source": [
    "# if stacked is not the same shape as Gaussian, subset columns and match categorical columns to the distribution you are comparing\n",
    "data2 = data2.iloc[:, -13:]\n",
    "data2.shape"
   ]
  },
  {
   "cell_type": "code",
   "execution_count": null,
   "id": "ab01b550-9ba2-4d84-8bc0-a5d28d05d206",
   "metadata": {},
   "outputs": [],
   "source": [
    "# categorical columns have index: 16, 17, 18, 19, 20, 21, 22, 23, 24 (including label column)\n",
    "for column in data1.columns[-9:]:\n",
    "    data1[column] = data1[column].astype('category')\n",
    "\n",
    "# Verify the changes\n",
    "print(data1.dtypes)\n"
   ]
  },
  {
   "cell_type": "code",
   "execution_count": 13,
   "id": "80cb0028-67a8-4fec-bcac-e4cee2a22d57",
   "metadata": {},
   "outputs": [
    {
     "name": "stdout",
     "output_type": "stream",
     "text": [
      "0      float64\n",
      "1      float64\n",
      "2      float64\n",
      "3      float64\n",
      "4      float64\n",
      "5      float64\n",
      "6      float64\n",
      "7      float64\n",
      "8      float64\n",
      "9      float64\n",
      "10     float64\n",
      "11     float64\n",
      "12     float64\n",
      "13     float64\n",
      "14     float64\n",
      "15     float64\n",
      "16    category\n",
      "17    category\n",
      "18    category\n",
      "19    category\n",
      "20    category\n",
      "21    category\n",
      "22    category\n",
      "23    category\n",
      "24    category\n",
      "dtype: object\n"
     ]
    }
   ],
   "source": [
    "# categorical columns have index: 16, 17, 18, 19, 20, 21, 22, 23, 24 (including label column)\n",
    "for column in data2.columns[-9:]:\n",
    "    data2[column] = data2[column].astype('category')\n",
    "\n",
    "# Verify the changes\n",
    "print(data2.dtypes)\n"
   ]
  },
  {
   "cell_type": "markdown",
   "id": "3973baf6-f10f-4559-b034-1671b64dd548",
   "metadata": {},
   "source": [
    "# Data1: Synthetic Data"
   ]
  },
  {
   "cell_type": "code",
   "execution_count": 11,
   "id": "1d5edb0a-73dc-47d6-ba73-1c5e13cdda7a",
   "metadata": {},
   "outputs": [
    {
     "name": "stdout",
     "output_type": "stream",
     "text": [
      "---------------------------Correlation Matrix------------------------- \n",
      "           0         1         3         4         5         6         8   \\\n",
      "0   1.000000  0.153738  0.084442  0.065896  0.182015  0.132600 -0.007064   \n",
      "1   0.153738  1.000000  0.146102  0.093639  0.203931  0.174417  0.084242   \n",
      "3   0.084442  0.146102  1.000000  0.086641  0.160223  0.137962  0.064725   \n",
      "4   0.065896  0.093639  0.086641  1.000000  0.190358  0.044607  0.025051   \n",
      "5   0.182015  0.203931  0.160223  0.190358  1.000000  0.114466  0.156622   \n",
      "6   0.132600  0.174417  0.137962  0.044607  0.114466  1.000000 -0.003306   \n",
      "8  -0.007064  0.084242  0.064725  0.025051  0.156622 -0.003306  1.000000   \n",
      "9   0.086244  0.105229  0.158098  0.098994  0.092857  0.128217  0.059255   \n",
      "11  0.065992  0.114128  0.034905  0.178465  0.110940  0.000335  0.127832   \n",
      "12  0.084564  0.188954  0.088043  0.171399  0.146997  0.189323  0.156012   \n",
      "13  0.097929  0.086318  0.057185  0.099178  0.175591  0.178317  0.080372   \n",
      "14  0.129875  0.086466  0.196424  0.157637  0.197652  0.008271  0.056257   \n",
      "16  0.095324  0.072916  0.021059  0.042993  0.009160  0.114883  0.086744   \n",
      "17  0.153467  0.171655  0.147512  0.173268  0.102420  0.163885  0.110074   \n",
      "18  0.191905  0.229074  0.092859  0.064272  0.175103  0.054391  0.033961   \n",
      "19  0.048667  0.126745  0.142238  0.118967  0.150793  0.057311  0.036651   \n",
      "20  0.203866  0.053668  0.057689  0.127521  0.190634  0.068715  0.063938   \n",
      "21  0.118261  0.067761  0.088973  0.114523  0.035285 -0.037687  0.001703   \n",
      "22  0.125970  0.118703  0.012123  0.052681  0.143886  0.093079  0.051613   \n",
      "23  0.176141  0.085097  0.071746  0.063001  0.089114  0.163838  0.091968   \n",
      "\n",
      "          9         11        12        13        14        16        17  \\\n",
      "0   0.086244  0.065992  0.084564  0.097929  0.129875  0.095324  0.153467   \n",
      "1   0.105229  0.114128  0.188954  0.086318  0.086466  0.072916  0.171655   \n",
      "3   0.158098  0.034905  0.088043  0.057185  0.196424  0.021059  0.147512   \n",
      "4   0.098994  0.178465  0.171399  0.099178  0.157637  0.042993  0.173268   \n",
      "5   0.092857  0.110940  0.146997  0.175591  0.197652  0.009160  0.102420   \n",
      "6   0.128217  0.000335  0.189323  0.178317  0.008271  0.114883  0.163885   \n",
      "8   0.059255  0.127832  0.156012  0.080372  0.056257  0.086744  0.110074   \n",
      "9   1.000000  0.075936  0.264154 -0.015389  0.236458  0.114832  0.230526   \n",
      "11  0.075936  1.000000  0.166307  0.055487  0.066928  0.090815  0.101890   \n",
      "12  0.264154  0.166307  1.000000  0.150753  0.154679  0.101135  0.234160   \n",
      "13 -0.015389  0.055487  0.150753  1.000000  0.075919  0.174337  0.065381   \n",
      "14  0.236458  0.066928  0.154679  0.075919  1.000000  0.044834  0.215594   \n",
      "16  0.114832  0.090815  0.101135  0.174337  0.044834  1.000000  0.161079   \n",
      "17  0.230526  0.101890  0.234160  0.065381  0.215594  0.161079  1.000000   \n",
      "18  0.122768  0.096133  0.113526  0.126083  0.075539  0.083479  0.193555   \n",
      "19  0.089249  0.075600  0.107204  0.126612  0.200285  0.017210  0.199033   \n",
      "20  0.150667  0.051190  0.116550  0.114232  0.140308  0.109065  0.042345   \n",
      "21  0.064305  0.127615  0.100869  0.136742  0.089718  0.041830  0.052126   \n",
      "22  0.148764  0.113458  0.067061  0.120127  0.063144 -0.009072  0.077490   \n",
      "23  0.116009  0.090816  0.102451  0.027478  0.158773  0.069475 -0.019141   \n",
      "\n",
      "          18        19        20        21        22        23  \n",
      "0   0.191905  0.048667  0.203866  0.118261  0.125970  0.176141  \n",
      "1   0.229074  0.126745  0.053668  0.067761  0.118703  0.085097  \n",
      "3   0.092859  0.142238  0.057689  0.088973  0.012123  0.071746  \n",
      "4   0.064272  0.118967  0.127521  0.114523  0.052681  0.063001  \n",
      "5   0.175103  0.150793  0.190634  0.035285  0.143886  0.089114  \n",
      "6   0.054391  0.057311  0.068715 -0.037687  0.093079  0.163838  \n",
      "8   0.033961  0.036651  0.063938  0.001703  0.051613  0.091968  \n",
      "9   0.122768  0.089249  0.150667  0.064305  0.148764  0.116009  \n",
      "11  0.096133  0.075600  0.051190  0.127615  0.113458  0.090816  \n",
      "12  0.113526  0.107204  0.116550  0.100869  0.067061  0.102451  \n",
      "13  0.126083  0.126612  0.114232  0.136742  0.120127  0.027478  \n",
      "14  0.075539  0.200285  0.140308  0.089718  0.063144  0.158773  \n",
      "16  0.083479  0.017210  0.109065  0.041830 -0.009072  0.069475  \n",
      "17  0.193555  0.199033  0.042345  0.052126  0.077490 -0.019141  \n",
      "18  1.000000  0.132832  0.075814  0.127660  0.171364  0.119792  \n",
      "19  0.132832  1.000000  0.125577  0.121164  0.070902  0.011561  \n",
      "20  0.075814  0.125577  1.000000  0.201272  0.019150  0.026944  \n",
      "21  0.127660  0.121164  0.201272  1.000000  0.016765  0.038057  \n",
      "22  0.171364  0.070902  0.019150  0.016765  1.000000  0.055607  \n",
      "23  0.119792  0.011561  0.026944  0.038057  0.055607  1.000000  \n",
      "          0         1         3         4         5         6         8   \\\n",
      "0   1.000000  0.153738  0.084442  0.065896  0.182015  0.132600 -0.007064   \n",
      "1   0.153738  1.000000  0.146102  0.093639  0.203931  0.174417  0.084242   \n",
      "3   0.084442  0.146102  1.000000  0.086641  0.160223  0.137962  0.064725   \n",
      "4   0.065896  0.093639  0.086641  1.000000  0.190358  0.044607  0.025051   \n",
      "5   0.182015  0.203931  0.160223  0.190358  1.000000  0.114466  0.156622   \n",
      "6   0.132600  0.174417  0.137962  0.044607  0.114466  1.000000 -0.003306   \n",
      "8  -0.007064  0.084242  0.064725  0.025051  0.156622 -0.003306  1.000000   \n",
      "9   0.086244  0.105229  0.158098  0.098994  0.092857  0.128217  0.059255   \n",
      "11  0.065992  0.114128  0.034905  0.178465  0.110940  0.000335  0.127832   \n",
      "12  0.084564  0.188954  0.088043  0.171399  0.146997  0.189323  0.156012   \n",
      "13  0.097929  0.086318  0.057185  0.099178  0.175591  0.178317  0.080372   \n",
      "14  0.129875  0.086466  0.196424  0.157637  0.197652  0.008271  0.056257   \n",
      "16  0.095324  0.072916  0.021059  0.042993  0.009160  0.114883  0.086744   \n",
      "17  0.153467  0.171655  0.147512  0.173268  0.102420  0.163885  0.110074   \n",
      "18  0.191905  0.229074  0.092859  0.064272  0.175103  0.054391  0.033961   \n",
      "19  0.048667  0.126745  0.142238  0.118967  0.150793  0.057311  0.036651   \n",
      "20  0.203866  0.053668  0.057689  0.127521  0.190634  0.068715  0.063938   \n",
      "21  0.118261  0.067761  0.088973  0.114523  0.035285 -0.037687  0.001703   \n",
      "22  0.125970  0.118703  0.012123  0.052681  0.143886  0.093079  0.051613   \n",
      "23  0.176141  0.085097  0.071746  0.063001  0.089114  0.163838  0.091968   \n",
      "\n",
      "          9         11        12        13        14        16        17  \\\n",
      "0   0.086244  0.065992  0.084564  0.097929  0.129875  0.095324  0.153467   \n",
      "1   0.105229  0.114128  0.188954  0.086318  0.086466  0.072916  0.171655   \n",
      "3   0.158098  0.034905  0.088043  0.057185  0.196424  0.021059  0.147512   \n",
      "4   0.098994  0.178465  0.171399  0.099178  0.157637  0.042993  0.173268   \n",
      "5   0.092857  0.110940  0.146997  0.175591  0.197652  0.009160  0.102420   \n",
      "6   0.128217  0.000335  0.189323  0.178317  0.008271  0.114883  0.163885   \n",
      "8   0.059255  0.127832  0.156012  0.080372  0.056257  0.086744  0.110074   \n",
      "9   1.000000  0.075936  0.264154 -0.015389  0.236458  0.114832  0.230526   \n",
      "11  0.075936  1.000000  0.166307  0.055487  0.066928  0.090815  0.101890   \n",
      "12  0.264154  0.166307  1.000000  0.150753  0.154679  0.101135  0.234160   \n",
      "13 -0.015389  0.055487  0.150753  1.000000  0.075919  0.174337  0.065381   \n",
      "14  0.236458  0.066928  0.154679  0.075919  1.000000  0.044834  0.215594   \n",
      "16  0.114832  0.090815  0.101135  0.174337  0.044834  1.000000  0.161079   \n",
      "17  0.230526  0.101890  0.234160  0.065381  0.215594  0.161079  1.000000   \n",
      "18  0.122768  0.096133  0.113526  0.126083  0.075539  0.083479  0.193555   \n",
      "19  0.089249  0.075600  0.107204  0.126612  0.200285  0.017210  0.199033   \n",
      "20  0.150667  0.051190  0.116550  0.114232  0.140308  0.109065  0.042345   \n",
      "21  0.064305  0.127615  0.100869  0.136742  0.089718  0.041830  0.052126   \n",
      "22  0.148764  0.113458  0.067061  0.120127  0.063144 -0.009072  0.077490   \n",
      "23  0.116009  0.090816  0.102451  0.027478  0.158773  0.069475 -0.019141   \n",
      "\n",
      "          18        19        20        21        22        23  \n",
      "0   0.191905  0.048667  0.203866  0.118261  0.125970  0.176141  \n",
      "1   0.229074  0.126745  0.053668  0.067761  0.118703  0.085097  \n",
      "3   0.092859  0.142238  0.057689  0.088973  0.012123  0.071746  \n",
      "4   0.064272  0.118967  0.127521  0.114523  0.052681  0.063001  \n",
      "5   0.175103  0.150793  0.190634  0.035285  0.143886  0.089114  \n",
      "6   0.054391  0.057311  0.068715 -0.037687  0.093079  0.163838  \n",
      "8   0.033961  0.036651  0.063938  0.001703  0.051613  0.091968  \n",
      "9   0.122768  0.089249  0.150667  0.064305  0.148764  0.116009  \n",
      "11  0.096133  0.075600  0.051190  0.127615  0.113458  0.090816  \n",
      "12  0.113526  0.107204  0.116550  0.100869  0.067061  0.102451  \n",
      "13  0.126083  0.126612  0.114232  0.136742  0.120127  0.027478  \n",
      "14  0.075539  0.200285  0.140308  0.089718  0.063144  0.158773  \n",
      "16  0.083479  0.017210  0.109065  0.041830 -0.009072  0.069475  \n",
      "17  0.193555  0.199033  0.042345  0.052126  0.077490 -0.019141  \n",
      "18  1.000000  0.132832  0.075814  0.127660  0.171364  0.119792  \n",
      "19  0.132832  1.000000  0.125577  0.121164  0.070902  0.011561  \n",
      "20  0.075814  0.125577  1.000000  0.201272  0.019150  0.026944  \n",
      "21  0.127660  0.121164  0.201272  1.000000  0.016765  0.038057  \n",
      "22  0.171364  0.070902  0.019150  0.016765  1.000000  0.055607  \n",
      "23  0.119792  0.011561  0.026944  0.038057  0.055607  1.000000  \n"
     ]
    },
    {
     "data": {
      "text/plain": [
       "(20, 20)"
      ]
     },
     "execution_count": 11,
     "metadata": {},
     "output_type": "execute_result"
    }
   ],
   "source": [
    "# data1\n",
    "X = data1.iloc[:, :-1]\n",
    "y = data1.iloc[:, -1]\n",
    "\n",
    "\n",
    "# Split dataset into X_train and y_train\n",
    "X_train, X_test, y_train, y_test = train_test_split(X, y, test_size=0.2, random_state=42)\n",
    "\n",
    "\n",
    "# Splitting X_train into numerical subset \n",
    "numerical_df = X_train.select_dtypes(include = ['float', 'float64'])\n",
    "\n",
    "# Splitting X_train into categorical subset \n",
    "categorical_df = X_train.select_dtypes(exclude=['float', 'float64'])\n",
    "\n",
    "\n",
    "##################### Correlation between columns (numerical) Code ############################\n",
    "# Takes the X_train data to find correlation between NUMERICAL features\n",
    "def num_corr(X_train_numerical):\n",
    "    matrix = X_train_numerical.corr(method='pearson')\n",
    "    print(\"---------------------------Correlation Matrix------------------------- \\n\", matrix)\n",
    "     \n",
    "#Calls the function so the matrix prints out    \n",
    "correlation_matrix = num_corr(numerical_df)\n",
    "\n",
    "\n",
    "\n",
    "#################### save Data1 matrix as a dataframe #################################\n",
    "#data1\n",
    "correlation_matrix = numerical_df.corr()\n",
    "correlation_df1 = pd.DataFrame(correlation_matrix)\n",
    "print(correlation_df1)\n",
    "\n",
    "correlation_df1.shape"
   ]
  },
  {
   "cell_type": "markdown",
   "id": "cb1aa6b9-8b74-4f34-b81c-00a47e09409d",
   "metadata": {},
   "source": [
    "# Data1 + Data2: Combined_data"
   ]
  },
  {
   "cell_type": "code",
   "execution_count": 17,
   "id": "7c152381-70d9-4432-9722-fd110d049a8d",
   "metadata": {},
   "outputs": [
    {
     "name": "stdout",
     "output_type": "stream",
     "text": [
      "0      float64\n",
      "1      float64\n",
      "2      float64\n",
      "3      float64\n",
      "4      float64\n",
      "5      float64\n",
      "6      float64\n",
      "7      float64\n",
      "8      float64\n",
      "9      float64\n",
      "10     float64\n",
      "11     float64\n",
      "12     float64\n",
      "13     float64\n",
      "14     float64\n",
      "15     float64\n",
      "16    category\n",
      "17    category\n",
      "18    category\n",
      "19    category\n",
      "20    category\n",
      "21    category\n",
      "22    category\n",
      "23    category\n",
      "24    category\n",
      "dtype: object\n",
      "---------------------------Correlation Matrix------------------------- \n",
      "           0         1         2         3         4         5         6   \\\n",
      "0   1.000000  0.125908  0.257749  0.192079  0.197068  0.209122  0.336646   \n",
      "1   0.125908  1.000000  0.198190  0.256835  0.246989  0.218769  0.225915   \n",
      "2   0.257749  0.198190  1.000000  0.210905  0.206674  0.225367  0.241126   \n",
      "3   0.192079  0.256835  0.210905  1.000000  0.278856  0.192772  0.227992   \n",
      "4   0.197068  0.246989  0.206674  0.278856  1.000000  0.352564  0.392056   \n",
      "5   0.209122  0.218769  0.225367  0.192772  0.352564  1.000000  0.272655   \n",
      "6   0.336646  0.225915  0.241126  0.227992  0.392056  0.272655  1.000000   \n",
      "7   0.059578  0.135226  0.180518  0.092272  0.232797  0.168276  0.256788   \n",
      "8  -0.061857 -0.088577 -0.070198 -0.098035 -0.167941 -0.063299 -0.120698   \n",
      "9  -0.012640 -0.063683 -0.049669 -0.038909 -0.081695 -0.040682 -0.036434   \n",
      "10 -0.040850 -0.075091 -0.081535 -0.073799 -0.083297 -0.049209 -0.057647   \n",
      "11 -0.038889 -0.052347 -0.083729 -0.056668 -0.093461 -0.055124 -0.044930   \n",
      "12 -0.056479 -0.052525 -0.058342 -0.062447 -0.072338 -0.042267 -0.048007   \n",
      "13 -0.031595 -0.035745 -0.091054 -0.019025 -0.088761 -0.026358 -0.045036   \n",
      "14 -0.034521 -0.082282 -0.059533 -0.036599 -0.096141 -0.018164 -0.108832   \n",
      "15 -0.034388 -0.068964 -0.021654 -0.029049 -0.095029 -0.028513 -0.053082   \n",
      "\n",
      "          7         8         9         10        11        12        13  \\\n",
      "0   0.059578 -0.061857 -0.012640 -0.040850 -0.038889 -0.056479 -0.031595   \n",
      "1   0.135226 -0.088577 -0.063683 -0.075091 -0.052347 -0.052525 -0.035745   \n",
      "2   0.180518 -0.070198 -0.049669 -0.081535 -0.083729 -0.058342 -0.091054   \n",
      "3   0.092272 -0.098035 -0.038909 -0.073799 -0.056668 -0.062447 -0.019025   \n",
      "4   0.232797 -0.167941 -0.081695 -0.083297 -0.093461 -0.072338 -0.088761   \n",
      "5   0.168276 -0.063299 -0.040682 -0.049209 -0.055124 -0.042267 -0.026358   \n",
      "6   0.256788 -0.120698 -0.036434 -0.057647 -0.044930 -0.048007 -0.045036   \n",
      "7   1.000000 -0.031314 -0.074197 -0.044167 -0.049050 -0.027877 -0.089778   \n",
      "8  -0.031314  1.000000  0.381423  0.335076  0.443201  0.423815  0.346010   \n",
      "9  -0.074197  0.381423  1.000000  0.291251  0.376102  0.510560  0.291814   \n",
      "10 -0.044167  0.335076  0.291251  1.000000  0.340730  0.215248  0.379123   \n",
      "11 -0.049050  0.443201  0.376102  0.340730  1.000000  0.463775  0.345420   \n",
      "12 -0.027877  0.423815  0.510560  0.215248  0.463775  1.000000  0.411311   \n",
      "13 -0.089778  0.346010  0.291814  0.379123  0.345420  0.411311  1.000000   \n",
      "14 -0.035025  0.374371  0.462299  0.295949  0.340619  0.408465  0.316606   \n",
      "15 -0.045798  0.328386  0.320338  0.188798  0.284608  0.346129  0.342317   \n",
      "\n",
      "          14        15  \n",
      "0  -0.034521 -0.034388  \n",
      "1  -0.082282 -0.068964  \n",
      "2  -0.059533 -0.021654  \n",
      "3  -0.036599 -0.029049  \n",
      "4  -0.096141 -0.095029  \n",
      "5  -0.018164 -0.028513  \n",
      "6  -0.108832 -0.053082  \n",
      "7  -0.035025 -0.045798  \n",
      "8   0.374371  0.328386  \n",
      "9   0.462299  0.320338  \n",
      "10  0.295949  0.188798  \n",
      "11  0.340619  0.284608  \n",
      "12  0.408465  0.346129  \n",
      "13  0.316606  0.342317  \n",
      "14  1.000000  0.306272  \n",
      "15  0.306272  1.000000  \n",
      "          0         1         2         3         4         5         6   \\\n",
      "0   1.000000  0.125908  0.257749  0.192079  0.197068  0.209122  0.336646   \n",
      "1   0.125908  1.000000  0.198190  0.256835  0.246989  0.218769  0.225915   \n",
      "2   0.257749  0.198190  1.000000  0.210905  0.206674  0.225367  0.241126   \n",
      "3   0.192079  0.256835  0.210905  1.000000  0.278856  0.192772  0.227992   \n",
      "4   0.197068  0.246989  0.206674  0.278856  1.000000  0.352564  0.392056   \n",
      "5   0.209122  0.218769  0.225367  0.192772  0.352564  1.000000  0.272655   \n",
      "6   0.336646  0.225915  0.241126  0.227992  0.392056  0.272655  1.000000   \n",
      "7   0.059578  0.135226  0.180518  0.092272  0.232797  0.168276  0.256788   \n",
      "8  -0.061857 -0.088577 -0.070198 -0.098035 -0.167941 -0.063299 -0.120698   \n",
      "9  -0.012640 -0.063683 -0.049669 -0.038909 -0.081695 -0.040682 -0.036434   \n",
      "10 -0.040850 -0.075091 -0.081535 -0.073799 -0.083297 -0.049209 -0.057647   \n",
      "11 -0.038889 -0.052347 -0.083729 -0.056668 -0.093461 -0.055124 -0.044930   \n",
      "12 -0.056479 -0.052525 -0.058342 -0.062447 -0.072338 -0.042267 -0.048007   \n",
      "13 -0.031595 -0.035745 -0.091054 -0.019025 -0.088761 -0.026358 -0.045036   \n",
      "14 -0.034521 -0.082282 -0.059533 -0.036599 -0.096141 -0.018164 -0.108832   \n",
      "15 -0.034388 -0.068964 -0.021654 -0.029049 -0.095029 -0.028513 -0.053082   \n",
      "\n",
      "          7         8         9         10        11        12        13  \\\n",
      "0   0.059578 -0.061857 -0.012640 -0.040850 -0.038889 -0.056479 -0.031595   \n",
      "1   0.135226 -0.088577 -0.063683 -0.075091 -0.052347 -0.052525 -0.035745   \n",
      "2   0.180518 -0.070198 -0.049669 -0.081535 -0.083729 -0.058342 -0.091054   \n",
      "3   0.092272 -0.098035 -0.038909 -0.073799 -0.056668 -0.062447 -0.019025   \n",
      "4   0.232797 -0.167941 -0.081695 -0.083297 -0.093461 -0.072338 -0.088761   \n",
      "5   0.168276 -0.063299 -0.040682 -0.049209 -0.055124 -0.042267 -0.026358   \n",
      "6   0.256788 -0.120698 -0.036434 -0.057647 -0.044930 -0.048007 -0.045036   \n",
      "7   1.000000 -0.031314 -0.074197 -0.044167 -0.049050 -0.027877 -0.089778   \n",
      "8  -0.031314  1.000000  0.381423  0.335076  0.443201  0.423815  0.346010   \n",
      "9  -0.074197  0.381423  1.000000  0.291251  0.376102  0.510560  0.291814   \n",
      "10 -0.044167  0.335076  0.291251  1.000000  0.340730  0.215248  0.379123   \n",
      "11 -0.049050  0.443201  0.376102  0.340730  1.000000  0.463775  0.345420   \n",
      "12 -0.027877  0.423815  0.510560  0.215248  0.463775  1.000000  0.411311   \n",
      "13 -0.089778  0.346010  0.291814  0.379123  0.345420  0.411311  1.000000   \n",
      "14 -0.035025  0.374371  0.462299  0.295949  0.340619  0.408465  0.316606   \n",
      "15 -0.045798  0.328386  0.320338  0.188798  0.284608  0.346129  0.342317   \n",
      "\n",
      "          14        15  \n",
      "0  -0.034521 -0.034388  \n",
      "1  -0.082282 -0.068964  \n",
      "2  -0.059533 -0.021654  \n",
      "3  -0.036599 -0.029049  \n",
      "4  -0.096141 -0.095029  \n",
      "5  -0.018164 -0.028513  \n",
      "6  -0.108832 -0.053082  \n",
      "7  -0.035025 -0.045798  \n",
      "8   0.374371  0.328386  \n",
      "9   0.462299  0.320338  \n",
      "10  0.295949  0.188798  \n",
      "11  0.340619  0.284608  \n",
      "12  0.408465  0.346129  \n",
      "13  0.316606  0.342317  \n",
      "14  1.000000  0.306272  \n",
      "15  0.306272  1.000000  \n"
     ]
    },
    {
     "data": {
      "text/plain": [
       "(16, 16)"
      ]
     },
     "execution_count": 17,
     "metadata": {},
     "output_type": "execute_result"
    }
   ],
   "source": [
    "########################## Concat Data1 +  Data2 ##################################\n",
    "# Concat (adding rows)\n",
    "combined_df = np.vstack((data1, data2))\n",
    "\n",
    "# change numpy array into a dataframe\n",
    "combined_data = pd.DataFrame(combined_df, columns=data1.columns)\n",
    "\n",
    "# Convert the last number of columns to categorical (to make sure they have the same)\n",
    "for column in combined_data.columns[-9:]:\n",
    "    combined_data[column] = combined_data[column].astype('category')\n",
    "\n",
    "# Verify the changes\n",
    "print(combined_data.dtypes)\n",
    "\n",
    "\n",
    "##################### Split Combined_data ################################\n",
    "\n",
    "# Split dataset into X and y (data1)\n",
    "X = combined_data.iloc[:, :-1]  # All columns except the last one\n",
    "y = combined_data.iloc[:, -1]   # Only the last column\n",
    "\n",
    "\n",
    "# Split dataset into X_train and y_train\n",
    "X_train, X_test, y_train, y_test = train_test_split(X, y, test_size=0.2, random_state=42)\n",
    "\n",
    "# Splitting X_train into numerical subset \n",
    "numerical_df = X_train.select_dtypes(include = ['float', 'float64'])\n",
    "\n",
    "# Splitting X_train into categorical subset \n",
    "categorical_df = X_train.select_dtypes(exclude=['float', 'float64'])\n",
    "\n",
    "\n",
    "##################### Correlation between columns (numerical) Code ############################\n",
    "# Takes the X_train data to find correlation between NUMERICAL features\n",
    "def num_corr(X_train_numerical):\n",
    "    matrix = X_train_numerical.corr(method='pearson')\n",
    "    print(\"---------------------------Correlation Matrix------------------------- \\n\", matrix)\n",
    "     \n",
    "#Calls the function so the matrix prints out    \n",
    "correlation_matrix = num_corr(numerical_df)\n",
    "\n",
    "\n",
    "############################## save combined_data matrix as a dataframe ############################\n",
    "#combined_data\n",
    "correlation_matrix = numerical_df.corr()\n",
    "correlation_df_combined = pd.DataFrame(correlation_matrix)\n",
    "print(correlation_df_combined)\n",
    "\n",
    "correlation_df_combined.shape\n"
   ]
  },
  {
   "cell_type": "markdown",
   "id": "7d9ea54a-72ba-4ff8-a05b-4b52434b68cc",
   "metadata": {},
   "source": [
    "# Differences in Matrices (Frobenius Norm)"
   ]
  },
  {
   "cell_type": "code",
   "execution_count": null,
   "id": "a262690c-dfaf-40c8-863b-77001e14d52c",
   "metadata": {},
   "outputs": [],
   "source": [
    "# Convert the dataframes to numpy arrays\n",
    "matrix1 = correlation_df1.to_numpy()\n",
    "matrix2 = correlation_df_combined.to_numpy()\n",
    "\n",
    "# Compute the Frobenius norm of the difference between the matrices. \n",
    "frobenius_abs = np.linalg.norm(matrix1 - matrix2, ord='fro')   # Absolute error with Frobenius norm\n",
    "\n",
    "frobenius_rel = frobenius_abs/np.linalg.norm(matrix1, ord='fro')    # Relative error with Frobenius norm\n",
    "\n",
    "print(f\"Frobenius norm (absolute error) : {frobenius_abs: .3f}\")\n",
    "print(f\"Frobenius norm (relative error) : {frobenius_rel: .3f}\")\n"
   ]
  },
  {
   "cell_type": "markdown",
   "id": "3893a07c-00f8-4041-ae4b-77e155738f6f",
   "metadata": {},
   "source": [
    "# Differences in Arrays (L2 Norm)"
   ]
  },
  {
   "cell_type": "code",
   "execution_count": null,
   "id": "c0e65e78-7871-4fc8-a693-b5c2ad10229d",
   "metadata": {},
   "outputs": [],
   "source": [
    "#array1 ...\n",
    "#array2 ...\n",
    "\n",
    "# Compute the L2 norm (Euclidean norm) of the difference between the arrays\n",
    "L2_norm = np.linalg.norm(array1 - array2, ord=2)\n",
    "\n",
    "print(f\"L2 norm difference: {L2_norm: .3f}\")\n"
   ]
  }
 ],
 "metadata": {
  "kernelspec": {
   "display_name": "Python 3 (ipykernel)",
   "language": "python",
   "name": "python3"
  },
  "language_info": {
   "codemirror_mode": {
    "name": "ipython",
    "version": 3
   },
   "file_extension": ".py",
   "mimetype": "text/x-python",
   "name": "python",
   "nbconvert_exporter": "python",
   "pygments_lexer": "ipython3",
   "version": "3.11.7"
  }
 },
 "nbformat": 4,
 "nbformat_minor": 5
}
